------------------------------------------------------------------------
Differentially private ANOVA, MSE estimate of variance
epsilon = $\infty$
   n    proportion
   30 0.982
   90 1.0
   150 1.0
   300 1.0
   900 1.0
   1500 1.0
   3000 1.0
   9000 1.0
   15000 1.0
   30000 1.0
   150000 1.0
   300000 1.0
   1500000 1.0
epsilon = 1.0
   n    proportion
   30 0.065
   90 0.056
   150 0.052
   300 0.06
   900 0.043
   1500 0.077
   3000 0.428
   9000 0.993
   15000 1.0
   30000 1.0
   150000 1.0
   300000 1.0
   1500000 1.0
epsilon = 0.5
   n    proportion
   30 0.067
   90 0.06
   150 0.055
   300 0.06
   900 0.048
   1500 0.056
   3000 0.065
   9000 0.883
   15000 0.991
   30000 1.0
   150000 1.0
   300000 1.0
   1500000 1.0
epsilon = 0.1
   n    proportion
   30 0.051
   90 0.057
   150 0.067
   300 0.065
   900 0.067
   1500 0.071
   3000 0.054
   9000 0.052
   15000 0.085
   30000 0.424
   150000 1.0
   300000 1.0
   1500000 1.0
epsilon = 0.01
   n    proportion
   30 0.058
   90 0.069
   150 0.073
   300 0.073
   900 0.059
   1500 0.069
   3000 0.071
   9000 0.064
   15000 0.058
   30000 0.058
   150000 0.08
   300000 0.431
   1500000 1.0
Wrote to AR_estimate.png

------------------------------------------------------------------------
Differentially private ANOVA, ground truth variance
epsilon = $\infty$
   n    proportion
   30 0.973
   90 1.0
   150 1.0
   300 1.0
   900 1.0
   1500 1.0
   3000 1.0
   9000 1.0
   15000 1.0
   30000 1.0
   150000 1.0
   300000 1.0
   1500000 1.0
epsilon = 1.0
   n    proportion
   30 0.058
   90 0.038
   150 0.057
   300 0.056
   900 0.085
   1500 0.134
   3000 0.477
   9000 1.0
   15000 1.0
   30000 1.0
   150000 1.0
   300000 1.0
   1500000 1.0
epsilon = 0.5
   n    proportion
   30 0.055
   90 0.05
   150 0.048
   300 0.052
   900 0.068
   1500 0.066
   3000 0.13
   9000 0.847
   15000 0.982
   30000 1.0
   150000 1.0
   300000 1.0
   1500000 1.0
epsilon = 0.1
   n    proportion
   30 0.043
   90 0.047
   150 0.053
   300 0.044
   900 0.049
   1500 0.04
   3000 0.053
   9000 0.075
   15000 0.125
   30000 0.443
   150000 1.0
   300000 1.0
   1500000 1.0
epsilon = 0.01
   n    proportion
   30 0.047
   90 0.045
   150 0.052
   300 0.043
   900 0.068
   1500 0.051
   3000 0.057
   9000 0.041
   15000 0.062
   30000 0.062
   150000 0.13
   300000 0.474
   1500000 1.0
Wrote to AR_realvar.png

------------------------------------------------------------------------
ANOVA with smaller effect size
epsilon = $\infty$
   n    proportion
   18 0.126
   60 0.396
   180 0.925
   300 0.996
   600 1.0
   1800 1.0
   3000 1.0
   6000 1.0
   30000 1.0
   60000 1.0
   300000 1.0
   600000 1.0
epsilon = 1.0
   n    proportion
   18 0.068
   60 0.055
   180 0.051
   300 0.037
   600 0.024
   1800 0.056
   3000 0.084
   6000 0.198
   30000 0.995
   60000 1.0
   300000 1.0
   600000 1.0
epsilon = 0.5
   n    proportion
   18 0.066
   60 0.074
   180 0.056
   300 0.052
   600 0.033
   1800 0.042
   3000 0.04
   6000 0.085
   30000 0.804
   60000 0.995
   300000 1.0
   600000 1.0
epsilon = 0.1
   n    proportion
   18 0.053
   60 0.067
   180 0.067
   300 0.054
   600 0.072
   1800 0.062
   3000 0.034
   6000 0.027
   30000 0.092
   60000 0.179
   300000 0.994
   600000 1.0
Wrote to AR_noisy.png
